name: image_segmentation
channels:
  - anaconda
  - defaults
dependencies:
  - _tflow_180_select=1.0=gpu
  - absl-py=0.2.2=py36_0
  - astor=0.6.2=py36_0
  - blas=1.0=openblas
  - bleach=1.5.0=py36_0
  - cudatoolkit=9.0=h13b8566_0
  - cudnn=7.1.2=cuda9.0_0
  - cupti=9.0.176=0
  - gast=0.2.0=py36_0
  - grpcio=1.12.0=py36hdbcaa40_0
  - html5lib=0.9999999=py36_0
  - libedit=3.1.20170329=h6b74fdf_2
  - libffi=3.2.1=hd88cf55_4
  - libgcc-ng=7.2.0=hdf63c60_3
  - libgfortran-ng=7.2.0=hdf63c60_3
  - libopenblas=0.2.20=h9ac9557_7
  - libprotobuf=3.5.2=h6f1eeef_0
  - libstdcxx-ng=7.2.0=hdf63c60_3
  - markdown=2.6.11=py36_0
  - ncurses=6.1=hf484d3e_0
  - numpy=1.14.3=py36h28100ab_2
  - numpy-base=1.14.3=py36h2b20989_2
  - pip=10.0.1=py36_0
  - protobuf=3.5.2=py36hf484d3e_0
  - python=3.6.5=hc3d631a_2
  - readline=7.0=ha6073c6_4
  - setuptools=39.2.0=py36_0
  - six=1.11.0=py36h372c433_1
  - sqlite=3.23.1=he433501_0
  - tensorboard=1.8.0=py36hf484d3e_0
  - tensorflow=1.8.0=hb11d968_0
  - tensorflow-base=1.8.0=py36hc1a7637_0
  - tensorflow-gpu=1.8.0=h7b35bdc_0
  - termcolor=1.1.0=py36_1
  - tk=8.6.7=hc745277_3
  - werkzeug=0.14.1=py36_0
  - wheel=0.31.1=py36_0
  - xz=5.2.4=h14c3975_4
  - zlib=1.2.11=ha838bed_2
  - bokeh=0.12.16=py36_0
  - ca-certificates=2018.03.07=0
  - certifi=2018.4.16=py36_0
  - click=6.7=py36h5253387_0
  - cloudpickle=0.5.3=py36_0
  - cycler=0.10.0=py36h93f1223_0
  - cytoolz=0.9.0.1=py36h14c3975_0
  - dask=0.17.5=py36_0
  - dask-core=0.17.5=py36_0
  - dbus=1.13.2=h714fa37_1
  - decorator=4.3.0=py36_0
  - distributed=1.21.8=py36_0
  - expat=2.2.5=he0dffb1_0
  - fontconfig=2.12.6=h49f89f6_0
  - freetype=2.8=hab7d2ae_1
  - glib=2.56.1=h000015b_0
  - gst-plugins-base=1.14.0=hbbd80ab_1
  - gstreamer=1.14.0=hb453b48_1
  - h5py=2.8.0=py36ha1f6525_0
  - hdf5=1.10.2=hba1933b_1
  - heapdict=1.0.0=py36_2
  - icu=58.2=h9c2bf20_1
  - imageio=2.3.0=py36_0
  - intel-openmp=2018.0.0=8
  - jinja2=2.10=py36ha16c418_0
  - jpeg=9b=h024ee3a_2
  - keras=2.1.6=py36_0
  - kiwisolver=1.0.1=py36h764f252_0
  - libpng=1.6.34=hb9fc6fc_0
  - libtiff=4.0.9=he85c1e1_1
  - libxcb=1.13=h1bed415_1
  - libxml2=2.9.8=h26e45fe_1
  - locket=0.2.0=py36h787c0ad_1
  - markupsafe=1.0=py36hd9260cd_1
  - matplotlib=2.2.2=py36h0e671d2_1
  - mkl=2018.0.2=1
  - msgpack-python=0.5.6=py36h6bb024c_0
  - networkx=2.1=py36_0
  - olefile=0.45.1=py36_0
  - openssl=1.0.2o=h20670df_0
  - packaging=17.1=py36_0
  - pandas=0.23.0=py36h637b7d7_0
  - partd=0.3.8=py36h36fd896_0
  - pcre=8.42=h439df22_0
  - pillow=5.1.0=py36h3deb7b8_0
  - psutil=5.4.5=py36h14c3975_0
  - pyparsing=2.2.0=py36hee85983_1
  - pyqt=5.9.2=py36h751905a_0
  - python-dateutil=2.7.3=py36_0
  - pytz=2018.4=py36_0
  - pywavelets=0.5.2=py36he602eb0_0
  - pyyaml=3.12=py36hafb9ca4_1
  - qt=5.9.5=h7e424d6_0
  - scikit-image=0.13.1=py36h14c3975_1
  - scipy=1.1.0=py36hfc37229_0
  - sip=4.19.8=py36hf484d3e_0
  - sortedcontainers=2.0.3=py36_0
  - tblib=1.3.2=py36h34cf8b6_0
  - toolz=0.9.0=py36_0
  - tornado=5.0.2=py36_0
  - yaml=0.1.7=had09818_2
  - zict=0.1.3=py36h3a3bf81_0
  - pip:
    - chardet==3.0.4
    - idna==2.6
    - imgaug==0.2.5
    - kaggle==1.3.8
    - opencv-python==3.4.1.15
    - requests==2.18.4
    - urllib3==1.22
prefix: /home/graffam/anaconda3/envs/image_segmentation
